A = [1,2104;1,1416;1,1534;1,852]
v = [-40;0.25]
Av = A * v