A = [1,2104;1,1416;1,1534;1,852]
B = [-40,200,-150;0.25,0.1,0.4]
mult_AB = A*B